<?xml version="1.0"?>
<opencv_storage>
<calibration_Time>"St 29. august 2018, 16:27:04 CEST"</calibration_Time>
<nrOfFrames>25</nrOfFrames>
<image_Width>640</image_Width>
<image_Height>480</image_Height>
<board_Width>9</board_Width>
<board_Height>6</board_Height>
<square_Size>50.</square_Size>
<FixAspectRatio>1.</FixAspectRatio>
<!-- flags:  +fix_aspectRatio +fix_principal_point +zero_tangent_dist -->
<flagValue>14</flagValue>
<Camera_Matrix type_id="opencv-matrix">
  <rows>3</rows>
  <cols>3</cols>
  <dt>d</dt>
  <data>
    5.1307518547336940e+02 0. 320. 0. 5.1307518547336940e+02 240. 0. 0.
    1.</data></Camera_Matrix>
<Distortion_Coefficients type_id="opencv-matrix">
  <rows>5</rows>
  <cols>1</cols>
  <dt>d</dt>
  <data>
    -3.6925125110658569e-01 1.9369148295711350e-01 0. 0.
    -6.6219869873459750e-02</data></Distortion_Coefficients>
<Avg_Reprojection_Error>2.2559118741069517e-01</Avg_Reprojection_Error>
<Per_View_Reprojection_Errors type_id="opencv-matrix">
  <rows>25</rows>
  <cols>1</cols>
  <dt>f</dt>
  <data>
    1.95703536e-01 1.91573098e-01 2.10290596e-01 1.97411582e-01
    2.41171002e-01 2.76310593e-01 2.61461228e-01 2.11317644e-01
    1.86842218e-01 1.51355132e-01 2.09387824e-01 1.88550338e-01
    1.81009948e-01 1.61888242e-01 1.80052459e-01 1.95634350e-01
    2.30042905e-01 2.09794760e-01 2.02833176e-01 3.30872983e-01
    2.95082211e-01 2.99221903e-01 2.39109635e-01 2.33060434e-01
    2.53053844e-01</data></Per_View_Reprojection_Errors>
<!-- a set of 6-tuples (rotation vector + translation vector) for each view -->
<Extrinsic_Parameters type_id="opencv-matrix">
  <rows>25</rows>
  <cols>6</cols>
  <dt>d</dt>
  <data>
    3.2015426751364867e-01 -1.2268541061347617e-01
    1.5886051186584056e+00 -1.7685041317760897e+02
    -2.6373524101643812e+02 6.7446669593757133e+02
    3.1763794864791350e-01 -1.2889399863313869e-01
    1.5723523517875391e+00 -1.2530492386820339e+02
    -2.5907977791547313e+02 6.7334873807198778e+02
    2.9749666755143678e-01 -1.4500385479049846e-01
    1.5546211872580000e+00 -3.8216733839590326e+01
    -2.4662929113747703e+02 6.3198935180846263e+02
    2.9698077396484451e-01 -1.4827882552281227e-01
    1.5361242526405381e+00 4.8924972134272551e+01
    -2.4613233279864480e+02 6.4126736869524041e+02
    2.9895565266254071e-01 -1.2245910370752860e-01
    1.4894708677630444e+00 1.7229387063279367e+02
    -2.4974459355320320e+02 6.1688986153865721e+02
    3.0410055445346396e-01 -1.4073395690799817e-01
    1.4739356391295435e+00 2.8267304322024245e+02
    -2.2919761372459490e+02 6.0967692450577647e+02
    3.0012357622601449e-01 -1.4949202029550690e-01
    1.4701827408725354e+00 3.6308602956701259e+02
    -2.4526953956176615e+02 6.2002932236878451e+02
    3.7008653814322046e-01 -1.4837122797134497e-01
    1.4084251556594545e+00 3.5836047928758654e+02
    -1.7090367283749003e+02 6.5378500528349161e+02
    4.6836035852410396e-01 -1.3930759155487640e-01
    1.4823720608332391e+00 2.5872138474865812e+02
    -1.6259433970864842e+02 6.9026849053256194e+02
    4.0824291158982989e-01 -3.3419911635145225e-02
    1.4200031174804921e+00 3.0839752083776311e+01
    -2.1350080563236924e+02 7.7544140058009270e+02
    6.3385892047999742e-02 -2.2003188921207073e-01
    1.5264196875239602e+00 -2.2514641214679315e+02
    -2.0277325833703702e+02 8.6626433117363217e+02
    7.9008742948519048e-02 -2.0925297870325302e-01
    1.5429961699130055e+00 -2.5968124811231087e+02
    -2.0849475739787385e+02 8.5951524040943434e+02
    1.3165355054104697e-02 -8.7293094859562381e-02
    1.5452819788336278e+00 -3.1434609751321062e+02
    1.2496833392485286e+01 9.7357576348113162e+02 4.4381523880595936e-02
    -7.1672787505789634e-02 1.5361710707383702e+00
    -2.2537279123397386e+02 1.5816117825650709e+01
    9.3747898470928214e+02 5.2253007071641655e-02
    -7.6133581183520094e-02 1.5374189515664078e+00
    -8.5731038146859987e+01 5.1926904600156183e+00
    9.1409061764686214e+02 1.0921847415118853e-01 3.5853214083687527e-03
    1.5324196340448986e+00 2.6494226589413987e+01
    -5.6092718125292409e+00 8.8564329602337318e+02
    1.3576151553965843e-01 1.0696363980087458e-02 1.5329299251958990e+00
    1.5260517024455129e+02 -1.4081653726203376e+01
    8.6820066308174353e+02 2.4973358695324532e-01 6.1565671185500437e-02
    1.5384956871150186e+00 2.6218840433267815e+02
    -2.2796526165058064e+00 8.4215252639849825e+02
    3.0202008082517695e-01 8.4233768341077209e-02 1.5079513019651138e+00
    4.6750715426274616e+02 1.6412620969224829e+01 8.3539662230997328e+02
    2.0839322231232746e-01 -5.6012240385719024e-02
    1.4749764133783887e+00 2.5838181449036114e+02
    -1.6922522887339437e+02 5.0954003003586087e+02
    2.9080979906142485e-01 -5.1688616959623096e-02
    1.4940407577758428e+00 1.3403855561711831e+02
    -1.3446206015484159e+02 5.3978371854831892e+02
    2.8989345971070979e-01 -2.2244929173838524e-02
    1.4929671212217148e+00 1.2861858538418571e+02
    -1.7868868321624919e+02 5.2976164884465572e+02
    2.5722364499253281e-01 -8.8649564986532842e-02
    1.5292268112293066e+00 -6.9271326754814226e+01
    -1.5374100072637106e+02 5.6109510415679495e+02
    1.0092083031661643e+00 6.2010336321863180e-01 1.5446371568631245e+00
    2.4518005590917602e+02 -1.4215316500974313e+02
    4.8341206658564022e+02 1.0037175768138291e+00 6.4407750425358812e-01
    1.5495675370756103e+00 2.2824764599856837e+02
    -1.8941349083858668e+02 4.7146687620377350e+02</data></Extrinsic_Parameters>
